AT1G01020.1,AT1G01020.1-Protein;	Chr1	[(8571, 8666), (8417, 8464), (8236, 8325), (7942, 7987), (7762, 7835), (7564, 7649), (7384, 7450), (7157, 7232), (6915, 7069)]
AT1G01020.2,AT1G01020.2-Protein;	Chr1	[(8571, 8666), (8417, 8464), (8236, 8325), (7942, 7987), (7762, 7835), (7564, 7649), (7315, 7450)]
AT1G01030.1,AT1G01030.1-Protein;	Chr1	[(11864, 12940)]
AT1G01050.1,AT1G01050.1-Protein;	Chr1	[(32547, 32670), (32431, 32459), (32282, 32347), (32088, 32195), (31933, 31998), (31693, 31813), (31521, 31602), (31382, 31424)]
AT1G01060.1,AT1G01060.1-Protein;	Chr1	[(37023, 37061), (36810, 36921), (36624, 36685), (35730, 35963), (35567, 35647), (34401, 35474), (33992, 34327)]
AT1G01060.2,AT1G01060.2-Protein;	Chr1	[(37023, 37061), (36810, 36921), (36624, 36685), (35730, 35963), (35567, 35647), (34401, 35474), (33992, 34327)]
AT1G01060.3,AT1G01060.3-Protein;	Chr1	[(37023, 37061), (36810, 36921), (36624, 36685), (35730, 35963), (35567, 35647), (34401, 35474), (33992, 34327)]
AT1G01060.4,AT1G01060.4-Protein;	Chr1	[(37023, 37061), (36810, 36921), (36624, 36685), (35730, 35963), (35567, 35647), (34401, 35471), (33992, 34327)]
AT1G01060.5,AT1G01060.5-Protein;	Chr1	[(36810, 36836), (36624, 36685), (36090, 36171), (35730, 35999), (35567, 35647), (34401, 35474), (33992, 34327)]
AT1G01070.1,AT1G01070.1-Protein;	Chr1	[(40675, 40877), (40473, 40535), (40213, 40329), (39409, 39814), (39136, 39287), (38898, 39054)]
AT1G01070.2,AT1G01070.2-Protein;	Chr1	[(40473, 40597), (40213, 40329), (39409, 39814), (39136, 39287), (38898, 39054)]
AT1G01080.1,AT1G01080.1-Protein;	Chr1	[(46376, 46789), (46044, 46145), (45646, 45954), (45503, 45559)]
AT1G01080.2,AT1G01080.2-Protein;	Chr1	[(46373, 46789), (46044, 46145), (45646, 45954), (45503, 45559)]
AT1G01090.1,AT1G01090.1-Protein;	Chr1	[(48936, 49166), (48075, 48852), (47705, 47982)]
AT1G01100.1,AT1G01100.1-Protein;	Chr1	[(50883, 50954), (50419, 50631), (50284, 50337)]
AT1G01100.2,AT1G01100.2-Protein;	Chr1	[(50883, 50954), (50419, 50631), (50284, 50337)]
AT1G01100.3,AT1G01100.3-Protein;	Chr1	[(50883, 50954), (50496, 50631), (50419, 50447), (50284, 50337)]
AT1G01100.4,AT1G01100.4-Protein;	Chr1	[(50883, 50954), (50419, 50631), (50284, 50337)]
AT1G01120.1,AT1G01120.1-Protein;	Chr1	[(57392, 58978)]
AT1G01130.1,AT1G01130.1-Protein;	Chr1	[(63557, 63811), (62050, 62124), (61905, 61949)]
AT1G01140.1,AT1G01140.1-Protein;	Chr1	[(67324, 67512), (66835, 66897), (66678, 66749), (66450, 66557), (66262, 66342), (66107, 66160), (65739, 65864), (65563, 65652), (65331, 65456), (65110, 65217), (64901, 65017), (64751, 64807), (64582, 64656), (64398, 64475)]
AT1G01140.2,AT1G01140.2-Protein;	Chr1	[(67324, 67512), (66835, 66897), (66678, 66749), (66450, 66557), (66262, 66342), (66107, 66160), (65733, 65864), (65563, 65652), (65331, 65456), (65110, 65217), (64901, 65017), (64751, 64807), (64582, 64656), (64398, 64475)]
AT1G01140.3,AT1G01140.3-Protein;	Chr1	[(67324, 67512), (66835, 66897), (66678, 66749), (66450, 66557), (66262, 66342), (66107, 66160), (65739, 65864), (65563, 65652), (65331, 65456), (65110, 65217), (64901, 65017), (64751, 64807), (64570, 64656), (64398, 64475)]
AT1G01150.1,AT1G01150.1-Protein;	Chr1	[(71942, 71998), (71041, 71721), (70840, 70968), (70115, 70285)]
AT1G01170.1,AT1G01170.1-Protein;	Chr1	[(74338, 74443), (74105, 74250)]
AT1G01170.2,AT1G01170.2-Protein;	Chr1	[(74338, 74443), (74105, 74250)]
AT1G01190.1,AT1G01190.1-Protein;	Chr1	[(83884, 84864), (83045, 83671)]
AT1G01200.1,AT1G01200.1-Protein;	Chr1	[(87880, 88145), (86715, 87162)]
AT1G01250.1,AT1G01250.1-Protein;	Chr1	[(104731, 105309)]
AT1G01320.1,AT1G01320.1-Protein;	Chr1	[(130039, 130099), (129853, 129914), (128968, 129060), (128479, 128551), (128028, 128312), (127868, 127935), (127651, 127782), (127532, 127573), (126935, 127453), (126686, 126840), (126076, 126589), (125936, 125998), (125742, 125843), (125329, 125655), (125134, 125226), (124921, 125046), (124714, 124818), (124499, 124632), (124211, 124394), (123992, 124123), (123785, 123897), (123579, 123669), (121582, 123501)]
AT1G01320.2,AT1G01320.2-Protein;	Chr1	[(130039, 130099), (129853, 129914), (128968, 129060), (128479, 128551), (128028, 128312), (127868, 127935), (127651, 127782), (127532, 127573), (126935, 127453), (126686, 126840), (126076, 126589), (125936, 125998), (125742, 125843), (125329, 125655), (125134, 125226), (124921, 125022), (124714, 124818), (124499, 124632), (124211, 124394), (123992, 124123), (123785, 123897), (123579, 123669), (121582, 123495)]
AT1G01340.1,AT1G01340.1-Protein;	Chr1	[(134582, 135118), (134289, 134501), (133911, 134206), (133641, 133752), (133303, 133539), (132824, 133218), (132414, 132744)]
AT1G01340.2,AT1G01340.2-Protein;	Chr1	[(135188, 135216), (134582, 135104), (134289, 134501), (133911, 134206), (133641, 133752), (133303, 133539), (132824, 133218), (132414, 132744)]
AT1G01390.1,AT1G01390.1-Protein;	Chr1	[(148319, 149761)]
AT1G01400.1,AT1G01400.1-Protein;	Chr1	[(152086, 152149), (151932, 152002), (151393, 151731), (151158, 151298)]
AT1G01420.1,AT1G01420.1-Protein;	Chr1	[(154566, 156011)]
AT1G01430.1,AT1G01430.1-Protein;	Chr1	[(158254, 158536), (157829, 158112), (156953, 157756)]
AT1G01440.1,AT1G01440.1-Protein;	Chr1	[(160568, 162219), (160418, 160478), (160079, 160302), (159935, 159992)]
AT1G01450.1,AT1G01450.1-Protein;	Chr1	[(164105, 165517)]
AT1G01453.1,AT1G01453.1-Protein;	Chr1	[(167014, 167798), (166853, 166871)]
AT1G01453.2,AT1G01453.2-Protein;	Chr1	[(166929, 167798)]
AT1G01470.1,AT1G01470.1-Protein;	Chr1	[(172621, 172826), (172295, 172544)]
AT1G01490.1,AT1G01490.1-Protein;	Chr1	[(182061, 182066), (181347, 181422), (180401, 180852)]
AT1G01490.2,AT1G01490.2-Protein;	Chr1	[(182061, 182066), (181347, 181422), (180401, 180852)]
AT1G01530.1,AT1G01530.1-Protein;	Chr1	[(193351, 193662), (192640, 193071)]
AT1G01610.1,AT1G01610.1-Protein;	Chr1	[(223945, 224255), (223551, 223866), (222622, 223096), (221950, 222359)]
AT1G01620.1,AT1G01620.1-Protein;	Chr1	[(226849, 227176), (226396, 226691), (226171, 226311), (225986, 226081)]
AT1G01620.2,AT1G01620.2-Protein;	Chr1	[(226849, 226960), (226396, 226691), (226171, 226311), (225986, 226081)]
AT1G01640.1,AT1G01640.1-Protein;	Chr1	[(231784, 231915), (231164, 231655)]
AT1G01640.2,AT1G01640.2-Protein;	Chr1	[(231784, 231915), (231164, 231655)]
AT1G01650.1,AT1G01650.1-Protein;	Chr1	[(237504, 237647), (236865, 237023), (236673, 236784), (236429, 236548), (236145, 236296), (235845, 236027), (235718, 235752), (235198, 235360), (234935, 234988), (234529, 234621), (234250, 234392), (233548, 233618), (233387, 233470), (233188, 233297)]
AT1G01650.2,AT1G01650.2-Protein;	Chr1	[(236429, 236537), (236145, 236296), (235845, 236027), (235718, 235752), (235198, 235360), (234935, 234988), (234529, 234621), (234250, 234392), (233548, 233618), (233387, 233470), (233188, 233297)]
AT1G01660.1,AT1G01660.1-Protein;	Chr1	[(242449, 242608), (242214, 242290), (241983, 242113), (241805, 241909), (241539, 241719), (241306, 241443), (240960, 241226), (240744, 240884), (240352, 240672), (240057, 240242)]
AT1G01670.1,AT1G01670.1-Protein;	Chr1	[(245151, 245163), (244770, 244873), (244505, 244635), (244257, 244361), (244035, 244182), (243336, 243746), (242943, 243128)]
AT1G01680.1,AT1G01680.1-Protein;	Chr1	[(248191, 248329), (247577, 247680), (247362, 247492), (247167, 247268), (246949, 247078), (246731, 246853), (246411, 246608)]
AT1G01700.1,AT1G01700.1-Protein;	Chr1	[(261129, 261474), (260921, 261037), (260670, 260824), (260508, 260582), (260118, 260417), (259690, 260034), (259495, 259614)]
AT1G01725.1,AT1G01725.1-Protein;	Chr1	[(270622, 270735), (270016, 270090)]
AT1G01740.1,AT1G01740.1-Protein;	Chr1	[(274167, 274239), (273863, 274083), (273653, 273788), (273429, 273562), (273234, 273339), (273064, 273149), (272651, 272983), (272445, 272555), (272111, 272362)]
AT1G01740.2,AT1G01740.2-Protein;	Chr1	[(274167, 274239), (273863, 274083), (273653, 273788), (273429, 273562), (273234, 273339), (273064, 273149), (272651, 272983), (272445, 272555), (272111, 272362)]
AT1G01760.1,AT1G01760.1-Protein;	Chr1	[(278316, 278448), (277947, 278252), (277717, 277863), (277493, 277606), (277232, 277401), (277077, 277153), (276870, 276989), (276706, 276793), (276412, 276519)]
AT1G01820.1,AT1G01820.1-Protein;	Chr1	[(297532, 297723), (297101, 297175), (296951, 297025), (296782, 296862), (296626, 296700), (296362, 296535), (296213, 296248)]
AT1G01830.1,AT1G01830.1-Protein;	Chr1	[(298717, 300441)]
AT1G01830.2,AT1G01830.2-Protein;	Chr1	[(298717, 300441)]
AT1G01830.3,AT1G01830.3-Protein;	Chr1	[(298717, 300441)]
AT2G01023.1,AT2G01023.1-Protein;	Chr2	[(9648, 9767)]
AT2G01050.1,AT2G01050.1-Protein;	Chr2	[(68337, 69884)]
AT2G01060.1,AT2G01060.1-Protein;	Chr2	[(74785, 74902), (74509, 74585), (74383, 74425), (74240, 74297), (74073, 74142), (73456, 73950)]
AT2G01060.2,AT2G01060.2-Protein;	Chr2	[(74509, 74556), (74383, 74425), (74240, 74297), (74073, 74142), (73456, 73950)]
AT2G01110.1,AT2G01110.1-Protein;	Chr2	[(84836, 85088), (84450, 84718), (84085, 84375), (83786, 83995)]
AT2G01130.1,AT2G01130.1-Protein;	Chr2	[(94495, 94635), (94187, 94347), (94028, 94115), (93709, 93933), (93529, 93624), (93201, 93389), (92925, 93084), (92709, 92839), (92404, 92571), (92057, 92329), (91655, 91849), (91102, 91305), (90899, 90968), (90671, 90819), (90046, 90351), (89897, 89956), (89649, 89801), (89437, 89547), (88847, 89308)]
AT2G01140.1,AT2G01140.1-Protein;	Chr2	[(96336, 96491), (95954, 96223), (95749, 95858), (95006, 95645)]
AT2G01170.1,AT2G01170.1-Protein;	Chr2	[(104362, 104462), (104033, 104293), (103926, 103944), (103623, 103842), (103362, 103543), (102999, 103288), (102788, 102917), (102364, 102711)]
AT2G01170.2,AT2G01170.2-Protein;	Chr2	[(104033, 104157), (103926, 103944), (103623, 103842), (103362, 103543), (102999, 103288), (102788, 102917), (102364, 102711)]
AT2G01175.1,AT2G01175.1-Protein;	Chr2	[(105572, 105760)]
AT2G01180.1,AT2G01180.1-Protein;	Chr2	[(108505, 108555), (107182, 108114)]
AT2G01180.2,AT2G01180.2-Protein;	Chr2	[(107182, 108090)]
AT2G01210.1,AT2G01210.1-Protein;	Chr2	[(120264, 121734), (119509, 120188)]
AT2G01240.1,AT2G01240.1-Protein;	Chr2	[(129107, 129256), (128863, 128970), (128706, 128775), (128440, 128594)]
AT2G01250.1,AT2G01250.1-Protein;	Chr2	[(134091, 134264), (133923, 134020), (133773, 133830), (133455, 133534), (133258, 133360), (132943, 133158)]
AT2G01250.2,AT2G01250.2-Protein;	Chr2	[(134091, 134264), (133923, 134020), (133773, 133830), (133455, 133534), (133258, 133360), (133038, 133079)]
AT2G01260.1,AT2G01260.1-Protein;	Chr2	[(137253, 137504), (136938, 137164), (136623, 136851), (136170, 136255), (135996, 136087), (135494, 135717)]
AT2G01260.2,AT2G01260.2-Protein;	Chr2	[(137253, 137504), (136938, 137164), (136623, 136851), (136170, 136255), (135907, 136087)]
AT2G01260.3,AT2G01260.3-Protein;	Chr2	[(137253, 137504), (136938, 137164), (136623, 136851), (135996, 136087), (135714, 135717)]
AT2G01275.1,AT2G01275.1-Protein;	Chr2	[(143564, 143809), (143408, 143479), (143030, 143230), (142874, 142954), (142610, 142789)]
AT2G01275.2,AT2G01275.2-Protein;	Chr2	[(143564, 143809), (143408, 143479), (143030, 143230), (142874, 142954), (142610, 142789)]
AT2G01290.1,AT2G01290.1-Protein;	Chr2	[(149192, 149989)]
AT2G01300.1,AT2G01300.1-Protein;	Chr2	[(151221, 151691)]
AT2G01310.1,AT2G01310.1-Protein;	Chr2	[(152481, 152642)]
AT2G01320.1,AT2G01320.1-Protein;	Chr2	[(157806, 158063), (157509, 157699), (157279, 157429), (157050, 157182), (156760, 156961), (156384, 156660), (155940, 156071), (155621, 155841), (155240, 155452), (155061, 155145), (154669, 154983)]
AT2G01320.2,AT2G01320.2-Protein;	Chr2	[(157806, 158063), (157509, 157699), (157279, 157429), (157050, 157182), (156760, 156961), (156384, 156660), (155940, 156071), (155621, 155841), (155240, 155452), (155061, 155145), (154677, 154983), (154487, 154500)]
AT2G01320.3,AT2G01320.3-Protein;	Chr2	[(157806, 158063), (157509, 157699), (157279, 157429), (157050, 157182), (156760, 156961), (156384, 156660), (155940, 156071), (155621, 155841), (155240, 155452), (155061, 155145), (154677, 154983), (154487, 154503)]
AT2G01320.4,AT2G01320.4-Protein;	Chr2	[(157806, 158063), (157509, 157699), (157279, 157429), (157050, 157182), (156760, 156961), (156384, 156660), (155940, 156071), (155621, 155841), (155240, 155452), (155061, 155145), (154669, 154983)]
AT2G01330.1,AT2G01330.1-Protein;	Chr2	[(160364, 160755), (160042, 160203), (159771, 159957), (159275, 159697), (158761, 159174), (158417, 158674)]
AT2G01330.2,AT2G01330.2-Protein;	Chr2	[(160364, 160755), (160042, 160203), (159771, 159957), (159275, 159697), (158761, 159174), (158417, 158674)]
AT2G01350.1,AT2G01350.1-Protein;	Chr2	[(167160, 167209), (166935, 167071), (166723, 166856), (166491, 166637), (166200, 166283), (165915, 166067), (165652, 165828), (165512, 165579), (165332, 165428)]
AT2G01350.2,AT2G01350.2-Protein;	Chr2	[(166723, 166842), (166491, 166637), (166200, 166283), (165915, 166067), (165652, 165828), (165512, 165579), (165332, 165428)]
AT2G01350.3,AT2G01350.3-Protein;	Chr2	[(167160, 167209), (166935, 167071), (166723, 166856), (166491, 166619), (166200, 166283), (165915, 166067), (165652, 165828), (165512, 165579), (165332, 165428)]
AT2G01350.4,AT2G01350.4-Protein;	Chr2	[(166935, 167058), (166723, 166856), (166491, 166637), (166200, 166283), (165915, 166067), (165652, 165828), (165512, 165579), (165332, 165428)]
AT2G01370.1,AT2G01370.1-Protein;	Chr2	[(168791, 169549)]
AT2G01410.1,AT2G01410.1-Protein;	Chr2	[(175209, 176372)]
AT2G01420.1,AT2G01420.1-Protein;	Chr2	[(182017, 183199), (181580, 181847), (181355, 181440), (180820, 180977), (180649, 180725), (180478, 180544)]
AT2G01420.2,AT2G01420.2-Protein;	Chr2	[(182005, 183199), (181580, 181847), (181355, 181440), (180820, 180977), (180649, 180725), (180478, 180544)]
AT2G01430.1,AT2G01430.1-Protein;	Chr2	[(190072, 190369), (189598, 189788), (189398, 189477), (187798, 188056)]
AT2G01440.1,AT2G01440.1-Protein;	Chr2	[(196699, 196780), (196492, 196581), (196157, 196390), (195882, 195953), (195594, 195746), (195374, 195517), (195009, 195167), (194820, 194903), (194127, 194699), (193950, 194042)]
AT3G01015.1,AT3G01015.1-Protein;	Chr3	[(3203, 4017), (3064, 3109), (2885, 2977), (2690, 2809), (2428, 2526), (2223, 2282), (2048, 2142), (1798, 1936)]
AT3G01060.1,AT3G01060.1-Protein;	Chr3	[(18489, 18782), (18208, 18357), (17723, 17981), (17430, 17648), (17209, 17351), (16831, 17133)]
AT3G01060.2,AT3G01060.2-Protein;	Chr3	[(18489, 18782), (18208, 18357), (17723, 17981), (17430, 17624), (17209, 17351), (16831, 17133)]
AT3G01060.3,AT3G01060.3-Protein;	Chr3	[(18489, 18782), (18208, 18357), (17723, 17981), (17430, 17648), (17209, 17351), (17055, 17108)]
AT3G01090.1,AT3G01090.1-Protein;	Chr3	[(33788, 33977), (33479, 33663), (33194, 33376), (32970, 33101), (32668, 32853), (32487, 32576), (32294, 32377), (32083, 32220), (31761, 31997), (31437, 31550)]
AT3G01090.2,AT3G01090.2-Protein;	Chr3	[(34078, 34143), (33788, 33980), (33479, 33663), (33194, 33376), (32970, 33101), (32668, 32853), (32487, 32576), (32294, 32377), (32083, 32220), (31761, 31997), (31437, 31550)]
AT3G01090.3,AT3G01090.3-Protein;	Chr3	[(33788, 33977), (33479, 33663), (33194, 33376), (32970, 33101), (32668, 32853), (32487, 32576), (32294, 32377), (32083, 32220), (31761, 31997), (31437, 31550)]
AT3G01100.1,AT3G01100.1-Protein;	Chr3	[(37893, 38176), (37667, 37816), (37515, 37578), (37220, 37429), (36950, 37138), (36576, 36874), (36214, 36490), (35852, 36127), (35322, 35555), (35013, 35141)]
AT3G01100.2,AT3G01100.2-Protein;	Chr3	[(37893, 38176), (37667, 37816), (37515, 37578), (37220, 37429), (36950, 37138), (36576, 36874), (36214, 36490), (35810, 36127)]
AT3G01120.1,AT3G01120.1-Protein;	Chr3	[(41319, 41865), (41136, 41239), (40944, 41017), (40668, 40836), (40508, 40567), (40224, 40427), (40043, 40129), (39857, 39964), (39674, 39769), (39464, 39582), (39234, 39357)]
AT3G01130.1,AT3G01130.1-Protein;	Chr3	[(45475, 45522), (45312, 45377), (44714, 44761)]
AT3G01130.2,AT3G01130.2-Protein;	Chr3	[(45475, 45522), (45312, 45377), (44911, 44949)]
AT3G01140.1,AT3G01140.1-Protein;	Chr3	[(48007, 48143), (47773, 47897), (47559, 47688), (47118, 47470), (46619, 47040)]
AT3G01160.1,AT3G01160.1-Protein;	Chr3	[(56886, 57449), (56702, 56776), (56274, 56509), (56030, 56192), (55816, 55944), (55009, 55709), (54655, 54928)]
AT3G01180.1,AT3G01180.1-Protein;	Chr3	[(65397, 65678), (64461, 65127), (64294, 64358), (64105, 64182), (63891, 64001), (63762, 63806), (63501, 63674), (62456, 63412)]
AT3G01190.1,AT3G01190.1-Protein;	Chr3	[(68265, 68477), (67984, 68169), (67726, 67885), (67236, 67642)]
AT3G01200.1,AT3G01200.1-Protein;	Chr3	[(70962, 71348), (70072, 70711), (69826, 69932)]
AT3G01230.1,AT3G01230.1-Protein;	Chr3	[(76937, 77317)]
AT3G01240.1,AT3G01240.1-Protein;	Chr3	[(78545, 78937)]
AT3G01260.1,AT3G01260.1-Protein;	Chr3	[(81558, 82005), (81418, 81467), (81247, 81337), (81040, 81150), (80639, 80939), (80244, 80523)]
AT3G01270.1,AT3G01270.1-Protein;	Chr3	[(84524, 84720), (83538, 84297), (83194, 83439), (82892, 83116)]
AT3G01290.1,AT3G01290.1-Protein;	Chr3	[(89168, 89356), (88970, 89090), (88693, 88881), (88252, 88610)]
AT3G01300.1,AT3G01300.1-Protein;	Chr3	[(93110, 93335), (92485, 92822), (92262, 92397), (91730, 91866), (91514, 91637), (90817, 91328)]
AT3G01310.1,AT3G01310.1-Protein;	Chr3	[(101514, 101603), (101297, 101356), (100970, 101016), (100735, 100818), (100547, 100610), (100263, 100416), (100084, 100154), (99858, 99962), (99485, 99577), (99214, 99288), (99005, 99090), (98623, 98829), (98432, 98531), (98276, 98346), (98015, 98096), (97609, 97767), (97418, 97460), (97230, 97312), (97014, 97076), (96858, 96932), (96551, 96682), (96109, 96344), (95957, 96001), (95804, 95870), (95589, 95660), (95246, 95484), (95107, 95164), (94854, 95021), (94685, 94759), (94343, 94609)]
AT3G01310.2,AT3G01310.2-Protein;	Chr3	[(101532, 101603), (101297, 101356), (100970, 101016), (100735, 100818), (100547, 100610), (100263, 100416), (100084, 100154), (99858, 99962), (99485, 99577), (99214, 99288), (99005, 99090), (98623, 98829), (98432, 98531), (98276, 98346), (98015, 98096), (97609, 97767), (97418, 97460), (97230, 97312), (97014, 97076), (96858, 96932), (96551, 96682), (96109, 96344), (95957, 96001), (95804, 95870), (95589, 95660), (95246, 95484), (95107, 95164), (94854, 95021), (94685, 94759), (94343, 94609)]
AT3G01311.1,AT3G01311.1-Protein;	Chr3	[(104054, 104287), (103501, 103773), (103043, 103414)]
AT3G01319.1,AT3G01319.1-Protein;	Chr3	[(106296, 106436)]
AT3G01323.1,AT3G01323.1-Protein;	Chr3	[(121120, 121416)]
AT3G01324.1,AT3G01324.1-Protein;	Chr3	[(122140, 122448)]
AT3G01325.1,AT3G01325.1-Protein;	Chr3	[(123412, 123720)]
AT3G01327.1,AT3G01327.1-Protein;	Chr3	[(116231, 116548)]
AT3G01328.1,AT3G01328.1-Protein;	Chr3	[(117254, 117568)]
AT3G01329.1,AT3G01329.1-Protein;	Chr3	[(118873, 119178)]
AT3G01330.1,AT3G01330.1-Protein;	Chr3	[(126711, 126805), (126564, 126631), (126335, 126387), (126187, 126264), (126044, 126097), (125840, 125918), (125559, 125626), (125392, 125464), (125234, 125295), (124770, 125130), (124596, 124669)]
AT3G01331.1,AT3G01331.1-Protein;	Chr3	[(119618, 119917)]
AT3G01340.1,AT3G01340.1-Protein;	Chr3	[(127557, 128465)]
AT3G01340.2,AT3G01340.2-Protein;	Chr3	[(127557, 128465)]
AT3G01360.1,AT3G01360.1-Protein;	Chr3	[(137772, 138731)]
AT3G01360.2,AT3G01360.2-Protein;	Chr3	[(137772, 138731)]
AT3G01380.1,AT3G01380.1-Protein;	Chr3	[(149549, 149828), (149203, 149394), (148954, 149109), (148522, 148815), (147896, 148113), (147728, 147802), (147446, 147512), (146888, 147189), (146485, 146718), (146214, 146401), (145746, 145887), (145563, 145671), (145372, 145474), (145098, 145287), (144889, 144987), (144740, 144798), (144543, 144648), (144288, 144455)]
AT3G01390.1,AT3G01390.1-Protein;	Chr3	[(150835, 150922), (150496, 150596), (150265, 150408)]
AT3G01390.2,AT3G01390.2-Protein;	Chr3	[(150835, 150922), (150496, 150596), (150265, 150408)]
AT3G01410.1,AT3G01410.1-Protein;	Chr3	[(155329, 155439), (155079, 155237), (154835, 154900), (154582, 154701), (154257, 154493), (154052, 154159), (153811, 153862), (153650, 153681)]
AT3G01410.2,AT3G01410.2-Protein;	Chr3	[(155329, 155439), (155079, 155237), (154835, 154900), (154582, 154701), (154257, 154493), (154052, 154159), (153811, 153862), (153650, 153681)]
AT3G01420.1,AT3G01420.1-Protein;	Chr3	[(162619, 162726), (162191, 162454), (161872, 162021), (161640, 161773), (161208, 161424), (160960, 161105), (160637, 160864), (160342, 160544), (160020, 160263), (159689, 159914)]
AT3G01430.1,AT3G01430.1-Protein;	Chr3	[(165595, 166137)]
AT3G01435.1,AT3G01435.1-Protein;	Chr3	[(167931, 167984), (167718, 167834), (166853, 167029)]
AT3G01450.1,AT3G01450.1-Protein;	Chr3	[(171122, 171379), (170851, 170957), (170620, 170752), (170331, 170525), (169903, 170190)]
AT3G01470.1,AT3G01470.1-Protein;	Chr3	[(183947, 184034), (183628, 183767), (183301, 183540), (182648, 182998)]
AT3G01472.1,AT3G01472.1-Protein;	Chr3	[(184155, 184241)]
AT3G01490.1,AT3G01490.1-Protein;	Chr3	[(192859, 193258), (192261, 192382), (191800, 191996), (191405, 191714), (191095, 191301)]
AT3G01500.1,AT3G01500.1-Protein;	Chr3	[(196664, 196716), (196356, 196505), (196207, 196255), (195982, 196098), (195788, 195841), (195609, 195694), (195406, 195511), (195179, 195337), (194853, 194891)]
AT3G01500.2,AT3G01500.2-Protein;	Chr3	[(197652, 197873), (196664, 196725), (196356, 196505), (196207, 196255), (195982, 196098), (195788, 195841), (195609, 195694), (195406, 195511), (195179, 195337), (194853, 194891)]
AT3G01500.3,AT3G01500.3-Protein;	Chr3	[(197652, 197873), (196664, 196725), (196356, 196505), (196207, 196255), (195982, 196098), (195788, 195841), (195609, 195694), (195406, 195511), (195173, 195337)]
AT3G01510.1,AT3G01510.1-Protein;	Chr3	[(201368, 201682), (201174, 201280), (200552, 201011), (200383, 200451), (200166, 200287), (199859, 200074), (199649, 199754), (199424, 199536), (199104, 199248), (198855, 198977)]
AT3G01513.1,AT3G01513.1-Protein;	Chr3	[(202068, 202718)]
AT3G01530.1,AT3G01530.1-Protein;	Chr3	[(210980, 211151), (210764, 210893), (210352, 210670)]
AT3G01540.1,AT3G01540.1-Protein;	Chr3	[(215855, 216142), (215615, 215773), (215401, 215469), (214520, 214789), (214070, 214420), (213716, 213993), (213311, 213619), (213077, 213209)]
AT3G01540.2,AT3G01540.2-Protein;	Chr3	[(215855, 216142), (215615, 215773), (215401, 215469), (214520, 214789), (214070, 214420), (213716, 213993), (213311, 213619), (213077, 213212)]
AT3G01540.3,AT3G01540.3-Protein;	Chr3	[(215855, 216142), (215615, 215773), (215401, 215469), (214520, 214789), (214070, 214420), (213716, 213993), (213311, 213619), (213077, 213212)]
AT3G01540.4,AT3G01540.4-Protein;	Chr3	[(215855, 216142), (215615, 215773), (215401, 215469), (214520, 214789), (214070, 214420), (213716, 213993), (213311, 213619), (213077, 213212)]
AT3G01550.1,AT3G01550.1-Protein;	Chr3	[(218560, 218856), (218326, 218448), (218105, 218257), (217911, 217996), (217728, 217809), (217521, 217640), (217359, 217436), (217122, 217251), (216947, 217029)]
AT3G01570.1,AT3G01570.1-Protein;	Chr3	[(222671, 222778), (222152, 222595)]
AT3G01572.1,AT3G01572.1-Protein;	Chr3	[(222968, 223081)]
AT3G01580.1,AT3G01580.1-Protein;	Chr3	[(223529, 225511)]
AT4G00005.1,AT4G00005.1-Protein;	Chr4	[(1180, 1536)]
AT4G00020.1,AT4G00020.1-Protein;	Chr4	[(10211, 10364), (9982, 10125), (9686, 9847), (8463, 9437), (8244, 8368), (8001, 8155), (7712, 7834), (7453, 7638), (7294, 7375), (7144, 7194), (6975, 7056), (6760, 6871), (6605, 6676), (5657, 5855), (5406, 5588), (4977, 5119), (4839, 4901), (4545, 4749), (4265, 4438), (4107, 4172)]
AT4G00020.2,AT4G00020.2-Protein;	Chr4	[(10211, 10364), (9982, 10125), (9686, 9847), (8463, 9437), (8244, 8368), (8029, 8155), (7914, 7947), (7712, 7813), (7453, 7638), (7294, 7375), (7144, 7194), (6975, 7056), (6760, 6871), (6605, 6676), (5657, 5855), (5406, 5588), (4977, 5119), (4839, 4901), (4545, 4749), (4227, 4438), (4127, 4149), (2895, 3022)]
AT4G00026.1,AT4G00026.1-Protein;	Chr4	[(13172, 13285), (12924, 12959), (12791, 12809), (12573, 12706), (12262, 12440), (12131, 12179), (11897, 12016), (11634, 11792)]
AT4G00070.1,AT4G00070.1-Protein;	Chr4	[(31270, 31426), (30900, 30985), (30072, 30137), (29849, 29983), (29672, 29767)]
AT4G00110.1,AT4G00110.1-Protein;	Chr4	[(38702, 39994)]
AT4G00120.1,AT4G00120.1-Protein;	Chr4	[(42601, 43197)]
AT4G00124.1,AT4G00124.1-Protein;	Chr4	[(45275, 45370)]
AT4G00140.1,AT4G00140.1-Protein;	Chr4	[(53279, 53449), (52760, 52859), (52320, 52523), (51166, 51464)]
AT4G00150.1,AT4G00150.1-Protein;	Chr4	[(57429, 59105)]
AT4G00165.1,AT4G00165.1-Protein;	Chr4	[(69433, 69819)]
AT4G00165.2,AT4G00165.2-Protein;	Chr4	[(69433, 69819)]
AT4G00170.1,AT4G00170.1-Protein;	Chr4	[(72034, 72085), (71820, 71893), (71658, 71739), (71457, 71572), (71210, 71371), (71099, 71140), (70933, 71010), (70732, 70845)]
AT4G00180.1,AT4G00180.1-Protein;	Chr4	[(74976, 75089), (74697, 74867), (74268, 74427), (73659, 73707), (73448, 73523), (72990, 73067), (72804, 72878)]
AT4G00180.2,AT4G00180.2-Protein;	Chr4	[(74697, 74888), (74268, 74427), (73659, 73707), (73448, 73523), (72990, 73067), (72804, 72878)]
AT4G00190.1,AT4G00190.1-Protein;	Chr4	[(81627, 82040), (81188, 81515), (80433, 81115)]
AT4G00200.1,AT4G00200.1-Protein;	Chr4	[(83789, 84104), (83470, 83555), (83240, 83371), (83000, 83161), (82653, 82913)]
AT4G00210.1,AT4G00210.1-Protein;	Chr4	[(86598, 86888), (85693, 86064)]
AT4G00232.1,AT4G00232.1-Protein;	Chr4	[(100257, 100721)]
AT4G00238.1,AT4G00238.1-Protein;	Chr4	[(104092, 105129)]
AT4G00240.1,AT4G00240.1-Protein;	Chr4	[(109531, 110718), (109059, 109175), (108794, 108988), (108299, 108547), (108075, 108143), (107838, 107985), (107383, 107531), (107032, 107208), (106752, 106949), (106380, 106673)]
AT4G00250.1,AT4G00250.1-Protein;	Chr4	[(112951, 113910)]
AT4G00270.1,AT4G00270.1-Protein;	Chr4	[(118235, 118468), (117477, 118151)]
AT4G00280.1,AT4G00280.1-Protein;	Chr4	[(122813, 122851), (122651, 122712), (122409, 122523)]
AT4G00290.1,AT4G00290.1-Protein;	Chr4	[(124627, 125300), (124271, 124548), (123966, 124066), (123730, 123837), (123362, 123583), (123097, 123207)]
AT4G00330.1,AT4G00330.1-Protein;	Chr4	[(144199, 144427), (143891, 144114), (143644, 143818), (143475, 143564), (143085, 143386), (142787, 143002)]
AT4G00342.1,AT4G00342.1-Protein;	Chr4	[(151733, 151912)]
AT4G00370.1,AT4G00370.1-Protein;	Chr4	[(166057, 166111), (165835, 165894), (165423, 165754), (165233, 165340), (164974, 165129), (164667, 164882), (164363, 164572), (164127, 164264), (163838, 163939), (163523, 163588), (163356, 163440), (163153, 163250)]
AT4G00390.1,AT4G00390.1-Protein;	Chr4	[(171650, 172744)]
AT4G00400.1,AT4G00400.1-Protein;	Chr4	[(176424, 176734), (176039, 176351), (175062, 175536), (174312, 174715)]
AT4G00420.1,AT4G00420.1-Protein;	Chr4	[(182576, 182629), (182243, 182420), (181841, 181949), (181518, 181746)]
AT4G00420.2,AT4G00420.2-Protein;	Chr4	[(182576, 182629), (182243, 182420), (181841, 181952), (181518, 181746)]
AT4G00420.3,AT4G00420.3-Protein;	Chr4	[(182243, 182408), (181841, 181952), (181518, 181746)]
AT5G01010.1,AT5G01010.1-Protein;	Chr5	[(4765, 4924), (4552, 4679), (4335, 4467), (4102, 4258), (3927, 4005), (3762, 3802), (3543, 3659), (3303, 3383), (2872, 2934), (2748, 2799), (2435, 2509), (1914, 1961), (1745, 1780), (1572, 1646), (1388, 1459)]
AT5G01010.2,AT5G01010.2-Protein;	Chr5	[(4765, 4924), (4552, 4679), (4335, 4467), (4102, 4258), (3927, 4005), (3762, 3802), (3543, 3659), (3303, 3383), (2872, 2934), (2748, 2799), (2435, 2509), (2105, 2181), (1914, 2007), (1745, 1780), (1572, 1646), (1388, 1459)]
AT5G01010.3,AT5G01010.3-Protein;	Chr5	[(4765, 4924), (4552, 4679), (4335, 4467), (4102, 4258), (3927, 4005), (3762, 3802), (3543, 3659), (3303, 3383), (2872, 2934), (2748, 2799), (2435, 2509), (1914, 1961), (1745, 1780), (1527, 1646)]
AT5G01010.4,AT5G01010.4-Protein;	Chr5	[(4765, 4924), (4552, 4679), (4335, 4467), (4102, 4237), (3927, 4005), (3762, 3802), (3543, 3659), (3303, 3383), (2872, 2934), (2748, 2799), (2435, 2509), (2105, 2181), (1914, 2007), (1745, 1780), (1572, 1646), (1388, 1459)]
AT5G01015.1,AT5G01015.1-Protein;	Chr5	[(5697, 5769), (5335, 5576)]
AT5G01015.2,AT5G01015.2-Protein;	Chr5	[(5687, 5769), (5516, 5576)]
AT5G01020.1,AT5G01020.1-Protein;	Chr5	[(8216, 8270), (7705, 8139), (7440, 7576), (7212, 7335), (6309, 6790)]
AT5G01040.1,AT5G01040.1-Protein;	Chr5	[(16044, 16142), (15579, 15730), (15191, 15435), (14764, 14874), (13703, 14665), (13394, 13578)]
AT5G01050.1,AT5G01050.1-Protein;	Chr5	[(20714, 20812), (20358, 20509), (19970, 20214), (19570, 19680), (18481, 19449), (18209, 18393)]
AT5G01070.1,AT5G01070.1-Protein;	Chr5	[(25425, 25799)]
AT5G01070.2,AT5G01070.2-Protein;	Chr5	[(25429, 25799), (25094, 25343)]
AT5G01075.1,AT5G01075.1-Protein;	Chr5	[(27351, 27423), (27095, 27267)]
AT5G01080.1,AT5G01080.1-Protein;	Chr5	[(28532, 29086)]
AT5G01100.1,AT5G01100.1-Protein;	Chr5	[(37196, 37756), (36656, 36725), (36497, 36567), (36327, 36415), (36122, 36254), (35787, 36019), (35219, 35695), (34872, 35133)]
AT5G01110.1,AT5G01110.1-Protein;	Chr5	[(42114, 44303)]
AT5G01180.1,AT5G01180.1-Protein;	Chr5	[(63132, 63240), (62818, 63035), (62166, 62716), (61257, 62091)]
AT5G01220.1,AT5G01220.1-Protein;	Chr5	[(89539, 89885), (89103, 89169), (88892, 88962), (88701, 88818), (88525, 88598), (88388, 88443), (88204, 88287), (88027, 88114), (87858, 87935), (87724, 87780), (87414, 87630), (86907, 87182)]
AT5G01230.1,AT5G01230.1-Protein;	Chr5	[(95354, 95380), (95155, 95248), (94948, 94997), (94482, 94531), (94264, 94372), (94086, 94146), (93949, 94001), (93734, 93826), (93521, 93584), (93289, 93396), (92789, 93009)]
AT5G01230.2,AT5G01230.2-Protein;	Chr5	[(95354, 95380), (95155, 95248), (94948, 94997), (94694, 94708)]
AT5G01250.1,AT5G01250.1-Protein;	Chr5	[(102370, 103593)]
AT5G01270.1,AT5G01270.1-Protein;	Chr5	[(111871, 112143), (111308, 111778), (110932, 111142), (110497, 110654), (110330, 110400), (110133, 110238), (109954, 110046), (109705, 109837), (109285, 109595), (109159, 109210), (108768, 108901), (108636, 108689), (108451, 108547), (108163, 108311)]
AT5G01270.2,AT5G01270.2-Protein;	Chr5	[(111871, 112143), (111308, 111778), (110932, 111142), (110497, 110654), (110330, 110400), (110133, 110238), (109954, 110046), (109705, 109837), (109285, 109595), (109159, 109210), (108768, 108901), (108636, 108689), (108451, 108547), (108167, 108311), (107943, 107958)]
AT5G01280.1,AT5G01280.1-Protein;	Chr5	[(116155, 116237), (115604, 115691), (114465, 115487), (114185, 114373)]
AT5G01300.1,AT5G01300.1-Protein;	Chr5	[(122330, 122448), (121817, 122111), (121643, 121717)]
AT5G01300.2,AT5G01300.2-Protein;	Chr5	[(121817, 122128), (121643, 121717)]
AT5G01320.1,AT5G01320.1-Protein;	Chr5	[(131107, 131625), (130857, 131020), (130129, 130779), (129722, 130028), (129484, 129654)]
AT5G01330.1,AT5G01330.1-Protein;	Chr5	[(134322, 134807), (134093, 134256), (133369, 134019), (132790, 133096), (132538, 132708)]
AT5G01340.1,AT5G01340.1-Protein;	Chr5	[(144172, 144561), (143240, 143779)]
AT5G01350.1,AT5G01350.1-Protein;	Chr5	[(146832, 146911), (146117, 146178), (145970, 146028), (145865, 145882)]
AT5G01360.1,AT5G01360.1-Protein;	Chr5	[(149118, 149316), (148764, 149004), (148502, 148673), (148018, 148376), (147608, 147941)]
AT5G01360.2,AT5G01360.2-Protein;	Chr5	[(149118, 149316), (148764, 149004), (148502, 148673), (148014, 148376)]
AT5G01380.1,AT5G01380.1-Protein;	Chr5	[(157116, 157451), (155784, 156419)]
AT5G01390.1,AT5G01390.1-Protein;	Chr5	[(162035, 162199), (161546, 161949), (160500, 160938)]
AT5G01390.2,AT5G01390.2-Protein;	Chr5	[(162035, 162199), (161720, 161949), (160500, 160938)]
AT5G01390.3,AT5G01390.3-Protein;	Chr5	[(162035, 162199), (161720, 161949), (160853, 160938), (160500, 160735)]
AT5G01390.4,AT5G01390.4-Protein;	Chr5	[(162035, 162199), (161546, 161949), (160853, 160938), (160500, 160735)]
AT5G01400.1,AT5G01400.1-Protein;	Chr5	[(170870, 171072), (170284, 170443), (170082, 170174), (169924, 169999), (169645, 169813), (169035, 169206), (168711, 168830), (168051, 168605), (167391, 167936), (166988, 167056), (166582, 166698), (166265, 166507), (165970, 166017), (165790, 165888), (165470, 165669), (165352, 165385), (165167, 165274), (164996, 165079), (164845, 164892), (164685, 164759), (164517, 164612), (164295, 164375), (164121, 164192), (163996, 164040), (163809, 163892), (163615, 163718), (162803, 163505)]
AT5G01410.1,AT5G01410.1-Protein;	Chr5	[(172576, 173505)]
AT5G01420.1,AT5G01420.1-Protein;	Chr5	[(174886, 176091)]
AT5G01430.1,AT5G01430.1-Protein;	Chr5	[(177980, 178010), (177657, 177748), (177477, 177557), (177258, 177355), (177094, 177175), (176797, 176835)]
AT5G01430.2,AT5G01430.2-Protein;	Chr5	[(177980, 178010), (177657, 177748), (177477, 177557), (177258, 177355), (177094, 177175), (176797, 176835)]
AT5G01445.1,AT5G01445.1-Protein;	Chr5	[(182398, 182526), (182239, 182312), (182013, 182151)]
AT5G01450.1,AT5G01450.1-Protein;	Chr5	[(185995, 186244), (185803, 185909), (185591, 185716), (185419, 185512), (184989, 185063), (184819, 184901), (184515, 184661), (184298, 184370), (183891, 184194), (183693, 183768)]
AT5G01540.1,AT5G01540.1-Protein;	Chr5	[(211285, 213333)]
AT5G01550.1,AT5G01550.1-Protein;	Chr5	[(214517, 216583)]
AT5G01560.1,AT5G01560.1-Protein;	Chr5	[(218170, 220245)]
AT5G01580.1,AT5G01580.1-Protein;	Chr5	[(223610, 223852), (223460, 223525), (223203, 223340), (223003, 223095), (222760, 222921)]
AT5G01600.1,AT5G01600.1-Protein;	Chr5	[(229287, 229594), (229114, 229197), (228941, 229001), (228753, 228840), (228590, 228651), (228429, 228494), (228272, 228335), (228149, 228183)]
AT5G01630.1,AT5G01630.1-Protein;	Chr5	[(240758, 240911), (240528, 240671), (240231, 240392), (239000, 239986), (238783, 238907), (238541, 238695), (238257, 238379), (237999, 238184), (237843, 237924), (237693, 237743), (237525, 237606), (237314, 237425), (237159, 237230), (236662, 236860), (236411, 236593), (235982, 236124), (235846, 235908), (235552, 235756), (235275, 235448), (235117, 235182)]
AT5G01640.1,AT5G01640.1-Protein;	Chr5	[(241442, 242113)]
AT5G01650.1,AT5G01650.1-Protein;	Chr5	[(243923, 244033), (243248, 243448), (242734, 242769)]
AT5G01650.2,AT5G01650.2-Protein;	Chr5	[(243923, 244033), (243248, 243448), (243067, 243123)]
AT5G01660.1,AT5G01660.1-Protein;	Chr5	[(248325, 248442), (247951, 248132), (247203, 247796), (246687, 246764), (246111, 246450), (245548, 245747), (245166, 245242), (244969, 245070), (244681, 244870), (244504, 244593)]
AT5G01680.1,AT5G01680.1-Protein;	Chr5	[(256428, 256640), (255287, 256297), (254315, 255202), (253996, 254238)]
AT5G01700.1,AT5G01700.1-Protein;	Chr5	[(262289, 262345), (261785, 262090), (261583, 261697), (261229, 261452), (260848, 261147)]
AT5G01700.2,AT5G01700.2-Protein;	Chr5	[(262289, 262492), (261785, 262090), (261583, 261697), (261229, 261452), (260848, 261147)]
AT5G01710.1,AT5G01710.1-Protein;	Chr5	[(263709, 265250)]
AT5G01712.1,AT5G01712.1-Protein;	Chr5	[(265379, 265492)]
AT5G01720.1,AT5G01720.1-Protein;	Chr5	[(269351, 269476), (268895, 268999), (268247, 268643), (268032, 268161), (267657, 267951), (267315, 267566), (267118, 267171)]
ATCG00020.1,ATCG00020.1-Protein;	ChrC	[(383, 1444)]
ATMG00010.1,ATMG00010.1-Protein;	ChrM	[(273, 734)]
